{
 "cells": [
  {
   "attachments": {},
   "cell_type": "markdown",
   "metadata": {},
   "source": [
    "# Importing the libraries"
   ]
  },
  {
   "cell_type": "code",
   "execution_count": 35,
   "metadata": {},
   "outputs": [],
   "source": [
    "# Importing libraries\n",
    "import import_ipynb\n",
    "import numpy as np\n",
    "import time\n",
    "import math\n",
    "import copy\n",
    "import matplotlib.pyplot as plt\n",
    "from matplotlib.pyplot import figure\n",
    "from matplotlib import ticker"
   ]
  },
  {
   "attachments": {},
   "cell_type": "markdown",
   "metadata": {},
   "source": [
    "# Generate the positive definite matrix A, the vector b in the range of A and the optimal solution x*"
   ]
  },
  {
   "cell_type": "code",
   "execution_count": 36,
   "metadata": {},
   "outputs": [],
   "source": [
    "# Method of generating a positive semidefinite matrix\n",
    "# 1. Generate a random square matrix\n",
    "# 2. multiply it by its own transposition\n",
    "# 3. we have obtained a positive semi-definite matrix.\n",
    "def generateRandomPositiveSemidefiniteMatrix(size, scaleDown):\n",
    "    randomMatrix = np.random.rand(size, size)\n",
    "    positive_semidefinite_matrix = np.matmul(randomMatrix, randomMatrix.transpose()) / scaleDown\n",
    "    return positive_semidefinite_matrix\n",
    "\n",
    "# Generate linearly spacing vector from 1 to size for x*\n",
    "def generateLinearOptimalX(size):\n",
    "    return np.arange(1, size + 1, 1).astype(int)\n",
    "\n",
    "# A matrix is positive semidefinite if all of its eigenvalues are nonnegative\n",
    "# Note: this matrix should be symmetric\n",
    "def isPositiveSemidefinite(A):\n",
    "    return np.all(np.linalg.eigvals(A) >= 0)\n",
    "\n",
    "# A matrix does not have an inverse if its determinant is equal to 0\n",
    "def inverse(A):\n",
    "    return np.linalg.inv(A)"
   ]
  },
  {
   "attachments": {},
   "cell_type": "markdown",
   "metadata": {},
   "source": [
    "# There are three different test cases: the small scale with dimension of 10, the large scale with dimension of 100 and the huge scale with the dimension of 1000"
   ]
  },
  {
   "cell_type": "code",
   "execution_count": 50,
   "metadata": {},
   "outputs": [
    {
     "name": "stdout",
     "output_type": "stream",
     "text": [
      "Data generation for the small scale test. Dimension: 10\n",
      "The matrix A is\n",
      "[[5.18739286 3.82006574 3.02467891 4.67019152 4.4263327  3.85433794\n",
      "  3.29062272 3.21637545 3.68674808 2.44198635]\n",
      " [3.82006574 3.95598735 2.96634602 3.74129605 3.34534356 2.84943095\n",
      "  2.56262218 2.73734196 3.29195817 2.18187658]\n",
      " [3.02467891 2.96634602 2.83309499 2.97713416 2.88903791 2.4030659\n",
      "  2.41896517 2.51807188 2.29166691 1.45231162]\n",
      " [4.67019152 3.74129605 2.97713416 4.79083468 4.09810121 3.76307602\n",
      "  3.28039034 3.1383191  3.33488093 2.4079852 ]\n",
      " [4.4263327  3.34534356 2.88903791 4.09810121 4.58298378 3.45154963\n",
      "  2.71213933 3.02208139 3.06182015 1.88265053]\n",
      " [3.85433794 2.84943095 2.4030659  3.76307602 3.45154963 3.25389305\n",
      "  2.68453657 2.45483449 2.70832725 1.83173519]\n",
      " [3.29062272 2.56262218 2.41896517 3.28039034 2.71213933 2.68453657\n",
      "  2.93555239 2.44009243 2.22225287 1.65173892]\n",
      " [3.21637545 2.73734196 2.51807188 3.1383191  3.02208139 2.45483449\n",
      "  2.44009243 2.54214198 2.1846371  1.47177919]\n",
      " [3.68674808 3.29195817 2.29166691 3.33488093 3.06182015 2.70832725\n",
      "  2.22225287 2.1846371  3.49206426 1.76574634]\n",
      " [2.44198635 2.18187658 1.45231162 2.4079852  1.88265053 1.83173519\n",
      "  1.65173892 1.47177919 1.76574634 1.97690738]]\n",
      "\n",
      "Time required to generate the matrix A is\n",
      "0.0010020732879638672 seconds\n",
      "\n",
      "The inverse of matrix A is\n",
      "[[  6.31369782   2.03077804   3.30784445   2.05512423   0.36795623\n",
      "   -4.62446685   1.55283315  -8.91786292  -3.60674967  -2.47592768]\n",
      " [  2.03077804   9.03651895  -3.97172084  -1.46664953   1.98667402\n",
      "   -0.30673841   4.40954976  -6.20830477  -5.1248167   -3.87031225]\n",
      " [  3.30784445  -3.97172084   9.37011006   5.16454873   0.70198202\n",
      "   -5.92456378  -0.3777639  -10.04340755  -0.35261707   0.05186895]\n",
      " [  2.05512423  -1.46664953   5.16454873   7.43147417   1.52950198\n",
      "   -7.38450401   1.12373609  -9.37834034  -1.00926741  -1.43566414]\n",
      " [  0.36795623   1.98667402   0.70198202   1.52950198   4.06457578\n",
      "   -4.36667293   3.85996682  -7.56401338  -1.54658383  -1.0630487 ]\n",
      " [ -4.62446685  -0.30673841  -5.92456378  -7.38450401  -4.36667293\n",
      "   12.91607466  -5.0174079   15.37804544   2.37932681   2.20718637]\n",
      " [  1.55283315   4.40954976  -0.3777639    1.12373609   3.85996682\n",
      "   -5.0174079    6.74968797 -10.03170498  -2.86005041  -2.51956657]\n",
      " [ -8.91786292  -6.20830477 -10.04340755  -9.37834034  -7.56401338\n",
      "   15.37804544 -10.03170498  33.22340482   8.04006146   6.09008591]\n",
      " [ -3.60674967  -5.1248167   -0.35261707  -1.00926741  -1.54658383\n",
      "    2.37932681  -2.86005041   8.04006146   5.00478556   2.80176085]\n",
      " [ -2.47592768  -3.87031225   0.05186895  -1.43566414  -1.0630487\n",
      "    2.20718637  -2.51956657   6.09008591   2.80176085   3.58237677]]\n",
      "\n",
      "Time required to invert the matrix A is\n",
      "0.0009872913360595703 seconds\n",
      "\n",
      "The optimal solution x* is\n",
      "[ 1  2  3  4  5  6  7  8  9 10]\n",
      "\n",
      "The vector b is\n",
      "[192.20597715 160.7030465  130.45422714 185.47955251 169.34526813\n",
      " 149.71853723 135.04951123 130.43527391 144.16316175 100.19547579]\n",
      "\n",
      "\n",
      "\n",
      "\n",
      "Data generation for the large scale test. Dimension: 100\n",
      "The matrix A is\n",
      "[[3.13994183 2.488769   2.61732092 ... 2.32355668 2.47360974 2.40710816]\n",
      " [2.488769   3.86331209 2.75016916 ... 2.51931198 2.72744451 2.82935441]\n",
      " [2.61732092 2.75016916 3.45267036 ... 2.5659738  2.60370428 2.51052948]\n",
      " ...\n",
      " [2.32355668 2.51931198 2.5659738  ... 3.14748759 2.35775558 2.41655926]\n",
      " [2.47360974 2.72744451 2.60370428 ... 2.35775558 3.35645681 2.5015893 ]\n",
      " [2.40710816 2.82935441 2.51052948 ... 2.41655926 2.5015893  3.44387547]]\n",
      "\n",
      "Time required to generate the matrix A is\n",
      "0.0 seconds\n",
      "\n",
      "The inverse of matrix A is\n",
      "[[ 18442.25324954 -13676.98079602 -24967.96961572 ...   9012.18119031\n",
      "  -10628.70876097  -5349.44837691]\n",
      " [-13676.98079597  10330.50762925  18635.67831259 ...  -6682.64986148\n",
      "    8059.02048141   3930.35998728]\n",
      " [-24967.96961574  18635.67831267  33951.48959648 ... -12237.03885599\n",
      "   14465.66155191   7213.92584786]\n",
      " ...\n",
      " [  9012.18119033  -6682.64986152 -12237.03885602 ...   4434.71391424\n",
      "   -5162.65309222  -2605.73539014]\n",
      " [-10628.70876088   8059.02048137  14465.66155178 ...  -5162.65309216\n",
      "    6369.35043999   3059.75612469]\n",
      " [ -5349.44837692   3930.3599873    7213.92584787 ...  -2605.73539014\n",
      "    3059.75612472   1577.84389255]]\n",
      "\n",
      "Time required to invert the matrix A is\n",
      "0.0039980411529541016 seconds\n",
      "\n",
      "The optimal solution x* is\n",
      "[  1   2   3   4   5   6   7   8   9  10  11  12  13  14  15  16  17  18\n",
      "  19  20  21  22  23  24  25  26  27  28  29  30  31  32  33  34  35  36\n",
      "  37  38  39  40  41  42  43  44  45  46  47  48  49  50  51  52  53  54\n",
      "  55  56  57  58  59  60  61  62  63  64  65  66  67  68  69  70  71  72\n",
      "  73  74  75  76  77  78  79  80  81  82  83  84  85  86  87  88  89  90\n",
      "  91  92  93  94  95  96  97  98  99 100]\n",
      "\n",
      "The vector b is\n",
      "[11951.4115316  13668.11060914 13128.3439263  13446.41130468\n",
      " 11396.74358665 11536.42040716 11988.35414693 12879.58711637\n",
      " 11583.57842884 12845.35112076 11614.20913591 13216.49209787\n",
      " 13229.22664941 13513.64521322 11989.24061182 12044.72498256\n",
      " 12472.99432521 12577.17238309 11386.44514139 13589.6475785\n",
      " 13342.42551611 12432.27946437 13539.67697297 14194.83510356\n",
      " 13067.33397387 12472.70724337 13109.32227699 10339.41769487\n",
      " 12179.19629227 14106.66874556 12536.63839371 12443.16129939\n",
      " 12666.12477877 11941.17426665 13158.52635285 13153.74186299\n",
      " 12730.74100369 12515.77518577 12487.5578692  12614.73106332\n",
      " 11893.75445949 13837.71474911 12020.31168545 11480.49611585\n",
      " 11769.8904268  12605.2935294  12347.12761509 13052.13205585\n",
      " 13309.06504383 12644.22308362 12631.98078663 12961.90355795\n",
      " 13034.46437815 12244.63325669 13129.16772386 11740.37817754\n",
      " 12774.00697391 13193.42876032 11782.56774397 12176.45877321\n",
      " 12688.60833572 12503.98770786 13188.4320737  12397.85396559\n",
      " 13301.72422593 12280.79083091 11602.52164541 12624.5807516\n",
      " 13842.09258105 12080.52747419 13046.84671288 14717.04320886\n",
      " 12694.69158636 12399.5084073  13335.03107025 11627.10817166\n",
      " 12600.18097037 11275.94272285 13181.0396423  13639.14539868\n",
      " 12757.78370794 13104.98871563 12445.35888241 13974.87166027\n",
      " 11060.44962511 12371.85740991 11157.31066671 11766.00586107\n",
      " 12787.45699238 13889.46329881 13396.38475157 11996.09469735\n",
      " 13505.67298862 11887.65152997 11545.07427836 11605.48391919\n",
      " 13260.68733659 12215.80212647 12881.82173727 12650.63877369]\n",
      "\n",
      "\n",
      "\n",
      "\n",
      "Data generation for the huge scale test. Dimension: 1000\n",
      "The matrix A is\n",
      "[[3.46670326 2.4664962  2.57697622 ... 2.60897989 2.48262417 2.52327387]\n",
      " [2.4664962  3.26569944 2.42777349 ... 2.49552908 2.39568779 2.40236126]\n",
      " [2.57697622 2.42777349 3.38609734 ... 2.5507125  2.48939967 2.43790291]\n",
      " ...\n",
      " [2.60897989 2.49552908 2.5507125  ... 3.42260011 2.48801867 2.45307578]\n",
      " [2.48262417 2.39568779 2.48939967 ... 2.48801867 3.16346634 2.38766003]\n",
      " [2.52327387 2.40236126 2.43790291 ... 2.45307578 2.38766003 3.1789813 ]]\n",
      "\n",
      "Time required to generate the matrix A is\n",
      "0.02899932861328125 seconds\n",
      "\n",
      "The inverse of matrix A is\n",
      "[[ 1255.45872873  -718.41413243  -359.88817163 ...  1025.38260481\n",
      "   -513.6637602    373.04889329]\n",
      " [ -718.41413204  2158.58014172  1720.56453956 ... -1194.13527399\n",
      "    401.98400636  -897.54651358]\n",
      " [ -359.88817123  1720.56453939  1605.42339669 ...  -798.26995276\n",
      "    144.57037194  -783.63724997]\n",
      " ...\n",
      " [ 1025.3826046  -1194.13527413  -798.269953   ...  1208.3547055\n",
      "   -440.81361876   610.37214533]\n",
      " [ -513.6637602    401.98400657   144.57037215 ...  -440.81361887\n",
      "    510.17392994  -151.45545363]\n",
      " [  373.04889304  -897.54651343  -783.63724993 ...   610.37214515\n",
      "   -151.4554535    585.27254052]]\n",
      "\n",
      "Time required to invert the matrix A is\n",
      "0.10899591445922852 seconds\n",
      "\n",
      "The optimal solution x* is\n",
      "[   1    2    3    4    5    6    7    8    9   10   11   12   13   14\n",
      "   15   16   17   18   19   20   21   22   23   24   25   26   27   28\n",
      "   29   30   31   32   33   34   35   36   37   38   39   40   41   42\n",
      "   43   44   45   46   47   48   49   50   51   52   53   54   55   56\n",
      "   57   58   59   60   61   62   63   64   65   66   67   68   69   70\n",
      "   71   72   73   74   75   76   77   78   79   80   81   82   83   84\n",
      "   85   86   87   88   89   90   91   92   93   94   95   96   97   98\n",
      "   99  100  101  102  103  104  105  106  107  108  109  110  111  112\n",
      "  113  114  115  116  117  118  119  120  121  122  123  124  125  126\n",
      "  127  128  129  130  131  132  133  134  135  136  137  138  139  140\n",
      "  141  142  143  144  145  146  147  148  149  150  151  152  153  154\n",
      "  155  156  157  158  159  160  161  162  163  164  165  166  167  168\n",
      "  169  170  171  172  173  174  175  176  177  178  179  180  181  182\n",
      "  183  184  185  186  187  188  189  190  191  192  193  194  195  196\n",
      "  197  198  199  200  201  202  203  204  205  206  207  208  209  210\n",
      "  211  212  213  214  215  216  217  218  219  220  221  222  223  224\n",
      "  225  226  227  228  229  230  231  232  233  234  235  236  237  238\n",
      "  239  240  241  242  243  244  245  246  247  248  249  250  251  252\n",
      "  253  254  255  256  257  258  259  260  261  262  263  264  265  266\n",
      "  267  268  269  270  271  272  273  274  275  276  277  278  279  280\n",
      "  281  282  283  284  285  286  287  288  289  290  291  292  293  294\n",
      "  295  296  297  298  299  300  301  302  303  304  305  306  307  308\n",
      "  309  310  311  312  313  314  315  316  317  318  319  320  321  322\n",
      "  323  324  325  326  327  328  329  330  331  332  333  334  335  336\n",
      "  337  338  339  340  341  342  343  344  345  346  347  348  349  350\n",
      "  351  352  353  354  355  356  357  358  359  360  361  362  363  364\n",
      "  365  366  367  368  369  370  371  372  373  374  375  376  377  378\n",
      "  379  380  381  382  383  384  385  386  387  388  389  390  391  392\n",
      "  393  394  395  396  397  398  399  400  401  402  403  404  405  406\n",
      "  407  408  409  410  411  412  413  414  415  416  417  418  419  420\n",
      "  421  422  423  424  425  426  427  428  429  430  431  432  433  434\n",
      "  435  436  437  438  439  440  441  442  443  444  445  446  447  448\n",
      "  449  450  451  452  453  454  455  456  457  458  459  460  461  462\n",
      "  463  464  465  466  467  468  469  470  471  472  473  474  475  476\n",
      "  477  478  479  480  481  482  483  484  485  486  487  488  489  490\n",
      "  491  492  493  494  495  496  497  498  499  500  501  502  503  504\n",
      "  505  506  507  508  509  510  511  512  513  514  515  516  517  518\n",
      "  519  520  521  522  523  524  525  526  527  528  529  530  531  532\n",
      "  533  534  535  536  537  538  539  540  541  542  543  544  545  546\n",
      "  547  548  549  550  551  552  553  554  555  556  557  558  559  560\n",
      "  561  562  563  564  565  566  567  568  569  570  571  572  573  574\n",
      "  575  576  577  578  579  580  581  582  583  584  585  586  587  588\n",
      "  589  590  591  592  593  594  595  596  597  598  599  600  601  602\n",
      "  603  604  605  606  607  608  609  610  611  612  613  614  615  616\n",
      "  617  618  619  620  621  622  623  624  625  626  627  628  629  630\n",
      "  631  632  633  634  635  636  637  638  639  640  641  642  643  644\n",
      "  645  646  647  648  649  650  651  652  653  654  655  656  657  658\n",
      "  659  660  661  662  663  664  665  666  667  668  669  670  671  672\n",
      "  673  674  675  676  677  678  679  680  681  682  683  684  685  686\n",
      "  687  688  689  690  691  692  693  694  695  696  697  698  699  700\n",
      "  701  702  703  704  705  706  707  708  709  710  711  712  713  714\n",
      "  715  716  717  718  719  720  721  722  723  724  725  726  727  728\n",
      "  729  730  731  732  733  734  735  736  737  738  739  740  741  742\n",
      "  743  744  745  746  747  748  749  750  751  752  753  754  755  756\n",
      "  757  758  759  760  761  762  763  764  765  766  767  768  769  770\n",
      "  771  772  773  774  775  776  777  778  779  780  781  782  783  784\n",
      "  785  786  787  788  789  790  791  792  793  794  795  796  797  798\n",
      "  799  800  801  802  803  804  805  806  807  808  809  810  811  812\n",
      "  813  814  815  816  817  818  819  820  821  822  823  824  825  826\n",
      "  827  828  829  830  831  832  833  834  835  836  837  838  839  840\n",
      "  841  842  843  844  845  846  847  848  849  850  851  852  853  854\n",
      "  855  856  857  858  859  860  861  862  863  864  865  866  867  868\n",
      "  869  870  871  872  873  874  875  876  877  878  879  880  881  882\n",
      "  883  884  885  886  887  888  889  890  891  892  893  894  895  896\n",
      "  897  898  899  900  901  902  903  904  905  906  907  908  909  910\n",
      "  911  912  913  914  915  916  917  918  919  920  921  922  923  924\n",
      "  925  926  927  928  929  930  931  932  933  934  935  936  937  938\n",
      "  939  940  941  942  943  944  945  946  947  948  949  950  951  952\n",
      "  953  954  955  956  957  958  959  960  961  962  963  964  965  966\n",
      "  967  968  969  970  971  972  973  974  975  976  977  978  979  980\n",
      "  981  982  983  984  985  986  987  988  989  990  991  992  993  994\n",
      "  995  996  997  998  999 1000]\n",
      "\n",
      "The vector b is\n",
      "[1288148.38605397 1225895.69176978 1257473.64841123 1228835.82255788\n",
      " 1224077.01871562 1212517.82389932 1240859.74005241 1253152.65647997\n",
      " 1240228.57636776 1270103.38490047 1264142.82338179 1251688.46063073\n",
      " 1254482.1363195  1225112.43408274 1263940.76502782 1255410.04538622\n",
      " 1239677.20774742 1235349.11386752 1231038.64020359 1242211.03679888\n",
      " 1231434.4916032  1274326.9892582  1255441.89928393 1197434.74024783\n",
      " 1274248.85359364 1240688.57269685 1215064.08463919 1240491.20378502\n",
      " 1268013.52287767 1222841.25313544 1231853.95927474 1272321.56748619\n",
      " 1231225.74554436 1248468.52281984 1232173.80067627 1262733.3429281\n",
      " 1242232.63935319 1238660.79503354 1218555.36147668 1265515.51709145\n",
      " 1262823.83753068 1251383.99191741 1245206.85638745 1244614.05808569\n",
      " 1257808.12575237 1276288.56409817 1250555.11610416 1291540.50838127\n",
      " 1267898.33174838 1221586.73837982 1261762.54012527 1219170.18772827\n",
      " 1247321.56926833 1248703.99586329 1249072.05168852 1215396.66210849\n",
      " 1246632.51585232 1274542.09354422 1262926.11340021 1251961.20389832\n",
      " 1251023.67083806 1242339.57914703 1255491.32801905 1218716.64152746\n",
      " 1248261.53484672 1250685.32733516 1226141.03617422 1232635.91286844\n",
      " 1272435.87572042 1250252.59078934 1242675.28187014 1236688.21629416\n",
      " 1243897.67962365 1245703.51495165 1233543.19954982 1288941.57185538\n",
      " 1198509.41844045 1260015.08577748 1254602.76998612 1229639.00630556\n",
      " 1255115.99097223 1253405.58882617 1197644.35695534 1266849.14852753\n",
      " 1254736.53656355 1229982.91288287 1248720.51392522 1229144.46429352\n",
      " 1288155.68776751 1248370.74605938 1263127.8497193  1258886.07518881\n",
      " 1281759.45916786 1199323.11761293 1234355.40813537 1273824.50105719\n",
      " 1233894.33898138 1214474.94791131 1244721.46139526 1244794.07319837\n",
      " 1245518.74462949 1225879.98228785 1274658.40637994 1241826.17857897\n",
      " 1282226.21055016 1251817.69963363 1238609.12132459 1254127.06105312\n",
      " 1240814.5583992  1251757.55090083 1262885.0717024  1249320.99152669\n",
      " 1246609.59108422 1216496.92673508 1257602.62152679 1293186.23603885\n",
      " 1294909.63188488 1252813.35505656 1272304.8774921  1251163.37527779\n",
      " 1216502.1299694  1266594.11851374 1284842.36537209 1281542.01729402\n",
      " 1299318.24333636 1240977.16137476 1271431.76179625 1266595.13012004\n",
      " 1248368.59211165 1255175.30590977 1246129.51102496 1278275.05902438\n",
      " 1242771.35691271 1249081.12162635 1235199.20504633 1259758.82793643\n",
      " 1224921.03358947 1252958.92046671 1240983.89255875 1216864.81553027\n",
      " 1250556.82683249 1281189.66226206 1184858.67823268 1244733.86092426\n",
      " 1240304.03386651 1227183.69727283 1268157.53192575 1251992.55711503\n",
      " 1221678.88880842 1221405.35449494 1229307.99907886 1290766.17083046\n",
      " 1279512.71764187 1218397.9016137  1254437.0508617  1246750.86567303\n",
      " 1232762.78964127 1264343.55922994 1215153.31614295 1266446.41736942\n",
      " 1228031.43709566 1233881.55471041 1272917.14523503 1286065.26981243\n",
      " 1289965.17220237 1266871.57380324 1269237.70700397 1221383.35448964\n",
      " 1260886.75002073 1216883.7180023  1227148.79668091 1214490.31047607\n",
      " 1261017.20865857 1274011.54610594 1272537.12011991 1266013.70244475\n",
      " 1255996.57321239 1220372.30196754 1268530.37470999 1242853.69042061\n",
      " 1247228.78172255 1271952.99049685 1270383.85926534 1248362.5400559\n",
      " 1235689.86112191 1234768.4327464  1252785.35494867 1277294.28686335\n",
      " 1223946.72683315 1271139.51315764 1301439.42399341 1295616.16490768\n",
      " 1277138.31795833 1267608.71138116 1237903.16495186 1236189.82438676\n",
      " 1258485.12675603 1251790.22731443 1215532.97640799 1226533.89719483\n",
      " 1260265.69526796 1271118.70727439 1259532.67557845 1232732.33843115\n",
      " 1304059.31458025 1236623.70012008 1242528.06856172 1172393.24853974\n",
      " 1275976.32647567 1240407.44007277 1249410.00402433 1243149.5177758\n",
      " 1250196.82447626 1286325.55653279 1267491.50547619 1234041.0290686\n",
      " 1279281.27110331 1233548.84881058 1222760.28334588 1272223.51269752\n",
      " 1227406.22189382 1269960.93009174 1236736.75815412 1253738.37032254\n",
      " 1262348.45044967 1269572.38955447 1227077.12501535 1257042.6819107\n",
      " 1292676.72048689 1268212.80874874 1248086.76910734 1257386.8081849\n",
      " 1242718.97451512 1258640.71810001 1296306.82616005 1248734.47094903\n",
      " 1249945.29298934 1232147.84699013 1262146.18416055 1258018.27856888\n",
      " 1230750.6592256  1258429.85204248 1241444.45031582 1253708.54880839\n",
      " 1285090.91176266 1238911.97973709 1209907.46591135 1250971.25334476\n",
      " 1238413.38206189 1273914.43962971 1223802.96269878 1221124.13984412\n",
      " 1267101.86327472 1229618.51092038 1252515.1822211  1234525.02044614\n",
      " 1208245.91706238 1256145.13028559 1250261.60286728 1223804.98907268\n",
      " 1278097.11101298 1240694.14223884 1210765.58377228 1268829.43452842\n",
      " 1262564.8416374  1274491.13675429 1224376.20619838 1267864.12725726\n",
      " 1228178.50700185 1236010.57531054 1204678.82022509 1297168.63898097\n",
      " 1200006.6590107  1262933.79757168 1239398.05232958 1264254.09524558\n",
      " 1218808.94068558 1291656.35429613 1248434.58276395 1242418.66414322\n",
      " 1254106.02257091 1254620.19861206 1268718.70593357 1209394.8671041\n",
      " 1263059.19826735 1270006.04317464 1257802.22733472 1257107.38544548\n",
      " 1224160.93340931 1242492.20730925 1245780.01598171 1282355.28405497\n",
      " 1277674.43517594 1230935.4468137  1248061.53180537 1264948.5662123\n",
      " 1262696.62374397 1271009.88962721 1224574.02632788 1236691.44194122\n",
      " 1314194.79032077 1221876.8936144  1264374.03364695 1237405.42485922\n",
      " 1207353.30016618 1246275.88687563 1238685.16873131 1252645.4106608\n",
      " 1241884.43628683 1239116.95219382 1241547.44866885 1242126.74542913\n",
      " 1235273.60136946 1252928.02355021 1221396.30739005 1229105.21772538\n",
      " 1256754.39277019 1274850.06530805 1261323.13840957 1188378.0161302\n",
      " 1245447.53620255 1282093.00769176 1240589.93557341 1258701.12179004\n",
      " 1252097.29425819 1274120.63519241 1268636.87219648 1202851.39112904\n",
      " 1267945.41645865 1250464.37733621 1273609.30841394 1262154.45244497\n",
      " 1246159.79394133 1221126.1528003  1271762.17048139 1313355.10549394\n",
      " 1239584.77330384 1260047.26083497 1243480.11491911 1242994.37654698\n",
      " 1264899.79377565 1264143.40431914 1233436.02420213 1289018.53880881\n",
      " 1262927.2144792  1238376.61012905 1268195.84554748 1260909.90019984\n",
      " 1249093.39579474 1259434.37032047 1270478.11961436 1284768.4910855\n",
      " 1260714.16486723 1266602.53059037 1271370.56699026 1295191.41536075\n",
      " 1238506.42362597 1236506.74990968 1252364.359876   1289696.07249361\n",
      " 1228962.45068579 1287934.743591   1313621.75153134 1230787.88811854\n",
      " 1282825.43414448 1277957.82444456 1235996.77003489 1291002.0424181\n",
      " 1244481.45069608 1288789.17326532 1259445.09458831 1245336.92308677\n",
      " 1284929.04672351 1208564.02076297 1182770.67056972 1260838.20185233\n",
      " 1234466.45908047 1242215.64756359 1249396.44977504 1270782.41378366\n",
      " 1237564.87746142 1261267.74468841 1219820.78732948 1227789.92233363\n",
      " 1253110.15407578 1213973.51953339 1268622.29653112 1265935.05183215\n",
      " 1229732.11637673 1257733.13970215 1250572.43673205 1223184.56642494\n",
      " 1252707.94655229 1268008.35726278 1226207.94192199 1263512.1047711\n",
      " 1272924.69791467 1275375.08893379 1250047.77303672 1261461.29060632\n",
      " 1258911.45815729 1251273.85519319 1195553.85761398 1280370.71867481\n",
      " 1250000.58710629 1222522.3938128  1230577.09782492 1236747.30776538\n",
      " 1240377.35726434 1259038.13704214 1257962.42027451 1241329.67081323\n",
      " 1223242.77696993 1232731.85644091 1235870.96165095 1243036.40578808\n",
      " 1258397.82984641 1233644.70718474 1218862.17699132 1237732.65233095\n",
      " 1196913.58379154 1252675.89601897 1262354.72146566 1254710.71105313\n",
      " 1227620.26906433 1268647.28232259 1211538.25265642 1206666.576163\n",
      " 1266450.91303276 1284354.29965631 1211666.79516062 1236019.82780389\n",
      " 1234969.35138476 1234157.87878385 1278254.56600724 1274310.3133183\n",
      " 1236055.87236372 1223626.90364867 1219536.14117232 1287071.56218837\n",
      " 1254072.42067546 1228100.21936696 1280041.93377967 1236308.34263204\n",
      " 1229637.00482491 1278299.48981742 1259067.25887519 1281447.16263617\n",
      " 1256060.19796073 1244545.97861372 1260965.45208039 1251386.78444772\n",
      " 1266935.60836968 1248803.93374928 1262060.63292909 1305499.9877648\n",
      " 1288318.3495364  1241521.82608994 1243296.49776293 1244522.81645964\n",
      " 1285515.10266149 1259877.83821428 1268334.23691806 1266732.20197077\n",
      " 1265389.9368838  1275249.77591698 1244633.84514851 1253145.00387844\n",
      " 1231181.49624673 1219223.72480267 1251159.94490374 1238652.12811548\n",
      " 1261014.10405057 1271282.91383743 1192787.65531129 1257745.24581561\n",
      " 1248776.33701906 1276737.03822593 1251249.01349079 1280610.23077484\n",
      " 1265105.31828624 1257442.50215618 1261008.26592421 1250584.96830424\n",
      " 1236799.67358856 1246452.8487509  1265392.88298353 1262702.89581991\n",
      " 1255208.99712362 1291160.598057   1239983.08375465 1290812.4890042\n",
      " 1247248.65796736 1247113.6139629  1224563.23158919 1224253.40546635\n",
      " 1270611.90446618 1263800.51326276 1238590.68780095 1213274.81664778\n",
      " 1245237.7471099  1253136.24299191 1220835.86841669 1261460.64451903\n",
      " 1269121.18957004 1300142.92846873 1262397.90113126 1299920.76887955\n",
      " 1225085.613558   1268557.23866189 1259351.51606394 1251629.00381079\n",
      " 1271629.07068972 1245591.58674152 1274875.06308414 1263839.08265705\n",
      " 1241629.93686851 1297119.30353206 1227264.43443037 1286680.51589303\n",
      " 1256041.26349824 1249112.16557615 1229170.97471523 1262215.37119532\n",
      " 1256858.610425   1259654.18973439 1236451.55377774 1279317.07071294\n",
      " 1267134.20049693 1265818.54634735 1255368.67504331 1252188.77245844\n",
      " 1226629.24088805 1289485.27998856 1251399.95865276 1281482.87889633\n",
      " 1301177.30974446 1224147.57081232 1248682.70253872 1258741.45289322\n",
      " 1239792.98181906 1225250.82081046 1227919.85180507 1257059.37430017\n",
      " 1226451.68723964 1265122.56574058 1262519.21878914 1260360.72102022\n",
      " 1260788.14180888 1254885.02400722 1246293.62044665 1267583.32147705\n",
      " 1240019.48767079 1267029.20087645 1241364.6949583  1234580.79770448\n",
      " 1257917.09186031 1224479.48108787 1214697.03560595 1231311.81904943\n",
      " 1274296.95847892 1245833.91208851 1271688.60842807 1246460.86571022\n",
      " 1272595.72145915 1290602.51051777 1288346.85736724 1286097.35148451\n",
      " 1221512.45593669 1262852.86220821 1234223.64007496 1228549.73025693\n",
      " 1231741.69358397 1270385.08395307 1238597.57395781 1275762.23454384\n",
      " 1257829.33770838 1287149.91266768 1231732.66875521 1262752.4628989\n",
      " 1237750.47421183 1223373.26960318 1248580.27739612 1235718.22077581\n",
      " 1262706.59225343 1260072.38429481 1273915.689672   1247888.83267487\n",
      " 1234709.9078416  1272494.19602992 1236035.21813257 1274211.48878933\n",
      " 1288081.30950625 1268079.5636599  1269195.03220781 1262713.99985939\n",
      " 1255891.01724234 1271562.92128194 1267354.74408223 1261998.64618976\n",
      " 1229720.43584696 1244800.04763114 1223647.85161048 1243748.74436189\n",
      " 1236328.36144872 1260744.26664209 1262960.25822    1228219.44678089\n",
      " 1250394.07896046 1226200.90889894 1264060.84755961 1284791.58306888\n",
      " 1292954.60300365 1219959.82768694 1270031.87389793 1218516.50037018\n",
      " 1245541.80159519 1224739.4531711  1226917.29267761 1253985.79932055\n",
      " 1246708.16879006 1238269.6390089  1282545.28253321 1263926.00487986\n",
      " 1218798.77654493 1238270.47110335 1251274.27985257 1236210.68671569\n",
      " 1243065.0822562  1254186.77457497 1263821.77276191 1228478.39443806\n",
      " 1296057.55138012 1267800.53207537 1283820.64479045 1211639.04892576\n",
      " 1263011.3390695  1305419.16038563 1214179.20641081 1184946.87225684\n",
      " 1302696.73186111 1236136.64440546 1230742.54315935 1236799.96106654\n",
      " 1214571.8952265  1273165.81833356 1229365.40078885 1228219.30992277\n",
      " 1254090.5168344  1257858.97047291 1268933.37944059 1263479.19302072\n",
      " 1245272.54493275 1235357.40512261 1267812.76083123 1269412.19716108\n",
      " 1271393.84628641 1256786.49158545 1247222.08396963 1277452.08505048\n",
      " 1293369.99136995 1266963.86845388 1260252.52744899 1246731.56238348\n",
      " 1244519.55133851 1222389.91458512 1289538.64049871 1248081.84206897\n",
      " 1274835.71416089 1235265.30999864 1288922.57716687 1235119.36609891\n",
      " 1228151.93218044 1270875.32926422 1225735.38246719 1284802.4512106\n",
      " 1264250.0629708  1224626.05720994 1244471.22901325 1306875.19232855\n",
      " 1275959.18853026 1282100.97119422 1220365.76695914 1267361.18674554\n",
      " 1301647.22095698 1264746.91383402 1241834.42630902 1279834.43370326\n",
      " 1216298.10467397 1212704.73369374 1271727.19562317 1225514.19912666\n",
      " 1276052.87892828 1254792.54270512 1234643.74937275 1262424.98279968\n",
      " 1293888.85223941 1258014.3667922  1289682.03201557 1239178.28707911\n",
      " 1233883.10830769 1254718.9496822  1246420.72118595 1263681.32026403\n",
      " 1225083.77925736 1283408.79158864 1298413.92172854 1233832.29648222\n",
      " 1273266.22990474 1265880.0699782  1259432.63152677 1285624.4478673\n",
      " 1220115.17085939 1254589.27225358 1284778.96664139 1249883.49313481\n",
      " 1254212.58258755 1228451.65769105 1244232.21864583 1268511.58305762\n",
      " 1259916.21331939 1289398.55127066 1225596.88914753 1258559.63763227\n",
      " 1291151.32481121 1265268.82855102 1250695.6057002  1233849.31042759\n",
      " 1267137.14939784 1242429.68447134 1275977.44034756 1245390.03212494\n",
      " 1200248.66361541 1285526.75707397 1239279.26929402 1238483.90004801\n",
      " 1198404.83018632 1234428.15771315 1273895.09487448 1276450.02733179\n",
      " 1270319.37777289 1244000.47644541 1259106.29348648 1276420.1272592\n",
      " 1256641.01047466 1248340.58413014 1247198.40579951 1260366.75925457\n",
      " 1270982.31302113 1258198.48159406 1266729.53873361 1257504.91047549\n",
      " 1229353.33114747 1258461.16787329 1231864.32377757 1263094.54855108\n",
      " 1231523.72904914 1243083.0163433  1232235.4280902  1269298.92607589\n",
      " 1257227.42185459 1248399.33613159 1259888.21342264 1252577.14249839\n",
      " 1205009.7221024  1266025.13968511 1271345.78667423 1266594.6592641\n",
      " 1226735.06427778 1265651.69849459 1228859.02042378 1246164.21717467\n",
      " 1218997.64389912 1285405.90906713 1252670.12276036 1255996.04607817\n",
      " 1272425.42474948 1238988.52131045 1245544.27839291 1235746.02708826\n",
      " 1240035.02379794 1234669.9370886  1252709.55619647 1312327.41276684\n",
      " 1235968.07474794 1279645.8850687  1258668.37138013 1237855.07854148\n",
      " 1235398.27925482 1254558.89072886 1227557.24130694 1249941.160861\n",
      " 1277838.64706301 1225603.86237252 1243905.8864942  1248065.20787803\n",
      " 1254061.86178811 1274551.24747246 1267536.91636217 1259093.59667718\n",
      " 1277575.40917413 1228774.28083896 1261612.88581976 1220024.4212725\n",
      " 1234051.20923597 1280300.68479355 1260126.05629174 1224668.74422654\n",
      " 1296527.48264839 1245445.88491708 1252394.49254924 1256876.3758758\n",
      " 1266155.16749556 1246105.27189301 1210879.89929602 1229747.59383089\n",
      " 1272455.02219419 1241499.58844458 1213966.28086063 1288384.16014354\n",
      " 1223163.07271593 1231276.64037043 1254363.85876456 1221705.81535907\n",
      " 1258093.19123552 1262932.36093885 1282871.14920801 1217659.02216614\n",
      " 1279311.64641878 1256219.46270226 1264366.63963124 1238722.98198521\n",
      " 1268715.34285418 1272818.82912743 1269830.12641074 1254260.64914818\n",
      " 1265074.89846676 1265347.94955218 1280944.73104552 1244750.34472092\n",
      " 1281726.70647335 1254383.9664416  1261206.52231204 1257970.84170977\n",
      " 1291577.79193522 1264514.73349441 1264583.85802961 1242706.14971418\n",
      " 1239807.6453735  1289004.0243354  1251579.75222244 1269095.25285501\n",
      " 1249856.03096322 1234280.84271489 1272699.33692985 1247687.2415828\n",
      " 1264759.88030047 1224671.45372066 1241619.8138245  1207199.98567216\n",
      " 1278529.70909054 1235218.59317395 1227141.47852653 1289236.52388844\n",
      " 1259484.31756196 1240494.53703008 1262456.89489684 1230287.23308346\n",
      " 1278655.61623773 1247059.6835172  1245356.44757085 1243603.04645575\n",
      " 1254020.24178353 1236485.00080191 1264289.79859344 1285720.26429114\n",
      " 1264660.05774751 1253365.41229836 1294610.36406135 1263780.91655647\n",
      " 1225832.99056572 1248845.67059467 1230500.46688922 1270616.43504297\n",
      " 1225066.75444767 1206806.34922758 1267516.99393662 1267357.72318245\n",
      " 1235760.67375866 1274244.49339806 1232035.35511218 1233980.56099389\n",
      " 1287610.2784166  1244881.68028368 1291693.8162799  1227486.19272682\n",
      " 1259716.65752907 1255753.65681394 1218065.14379006 1258581.19019523\n",
      " 1238832.23755114 1276244.91522704 1246388.26650603 1271206.59842477\n",
      " 1287654.1617901  1251092.60859838 1272530.05519879 1260941.99511009\n",
      " 1271123.87850151 1257341.40655386 1222609.34433805 1262288.6854747\n",
      " 1259573.08328335 1253038.30367542 1256132.47670221 1233223.50256833\n",
      " 1252343.8962836  1239405.37775274 1245429.90473965 1233919.15179344\n",
      " 1234316.93599941 1246650.36771421 1247560.40684608 1271516.13370946\n",
      " 1236980.72339487 1274645.69036924 1249776.63072257 1306307.03103338\n",
      " 1242489.38723161 1258541.43559775 1255773.1395536  1226395.53634307\n",
      " 1229969.92471646 1210272.07534531 1263017.69506708 1279780.85152515\n",
      " 1279821.96720451 1227338.45417042 1246536.22005633 1242948.65699034\n",
      " 1267241.21299549 1251185.14008096 1241846.48784207 1236125.84739032\n",
      " 1261092.45736243 1273825.31457859 1256580.03590013 1205463.56642358\n",
      " 1241617.38711575 1220311.37870018 1268751.49141461 1248471.19238085\n",
      " 1269931.05115632 1238449.63692552 1241956.14705261 1255860.39936068\n",
      " 1277186.31162419 1289502.07949295 1239440.52554617 1213602.90847818\n",
      " 1280232.93550016 1241909.01273922 1259737.41245158 1260504.22450112\n",
      " 1250904.50600464 1256415.3416386  1245599.75897521 1207237.20376957\n",
      " 1257507.18365059 1258135.44099016 1273372.29308039 1266513.31057846\n",
      " 1264658.02014689 1314559.92172781 1266199.4960165  1248707.06948495\n",
      " 1288968.50443165 1248372.93101332 1248209.20455717 1209238.62229271\n",
      " 1273110.91817052 1263527.86468669 1238238.76836314 1283193.21899437\n",
      " 1284120.09101866 1264597.92512342 1290858.12761948 1266273.39810252\n",
      " 1269088.531476   1252150.80515203 1273900.84721462 1217694.45776639\n",
      " 1237361.96434144 1243072.54039695 1270027.82128568 1256126.92228949\n",
      " 1262283.20536914 1267764.8649733  1220009.4662269  1216843.34192144]\n",
      "\n",
      "\n",
      "\n",
      "\n"
     ]
    }
   ],
   "source": [
    "scales = [\"small\", \"large\", \"huge\"]\n",
    "\n",
    "for scale in scales:\n",
    "    \n",
    "    if scale == \"small\":\n",
    "        size = 10\n",
    "        scaleDown = 1\n",
    "    elif scale == \"large\":\n",
    "        size = 100\n",
    "        scaleDown = 10\n",
    "    elif scale == \"huge\":\n",
    "        size = 1000\n",
    "        scaleDown = 100\n",
    "    print(f\"Data generation for the {scale} scale test. Dimension: {size}\")\n",
    "\n",
    "    start = time.time()\n",
    "    A = generateRandomPositiveSemidefiniteMatrix(size, scaleDown)\n",
    "    end = time.time()\n",
    "\n",
    "    print(\"The matrix A is\")\n",
    "    print(A)\n",
    "\n",
    "    print(\"\\nTime required to generate the matrix A is\")\n",
    "    print(f\"{end - start} seconds\")\n",
    "\n",
    "    # print(f\"Is the matrix A positive semidefinite?: {isPositiveSemidefinite(A)}\")\n",
    "\n",
    "    start = time.time()\n",
    "    invA = inverse(A)\n",
    "    end = time.time()\n",
    "\n",
    "    print(\"\\nThe inverse of matrix A is\")\n",
    "    print(invA)\n",
    "\n",
    "    print(\"\\nTime required to invert the matrix A is\")\n",
    "    print(f\"{end - start} seconds\")\n",
    "\n",
    "    # The optimal solution is designed as the natural numbers: 1,2,3,4,5 and so on\n",
    "    x_opt = generateLinearOptimalX(size)\n",
    "    print(\"\\nThe optimal solution x* is\")\n",
    "    print(x_opt)\n",
    "\n",
    "    # b is in the range of A\n",
    "    # In other words, b is a linear combination of the columns of matrix A\n",
    "    b = A.dot(x_opt)\n",
    "    print(\"\\nThe vector b is\")\n",
    "    print(b)\n",
    "    print(\"\\n\\n\\n\")\n",
    "\n",
    "    # So we have the identities:\n",
    "    # Ax* = b or Ax - b = 0\n",
    "    # A^-1b = x*\n",
    "\n",
    "    np.save(f\"data/{scale}Matrix.npy\", A)\n",
    "    np.save(f\"data/{scale}Vector.npy\", b)\n",
    "    np.save(f\"data/{scale}Solution.npy\", x_opt)"
   ]
  },
  {
   "attachments": {},
   "cell_type": "markdown",
   "metadata": {},
   "source": [
    "# Helper functions"
   ]
  },
  {
   "cell_type": "code",
   "execution_count": 54,
   "metadata": {},
   "outputs": [],
   "source": [
    "# Returns a vector, which is the result of the gradient  \n",
